first solution
[2, 4, 1, 3]
[1, 3, 5, 2, 4]
[2, 4, 6, 1, 3, 5]
[1, 3, 5, 7, 2, 4, 6]
[1, 5, 8, 6, 3, 7, 2, 4]
[1, 3, 6, 8, 2, 4, 9, 7, 5]
[1, 3, 5, 7, 9, 11, 2, 4, 6, 8, 10]
[1, 3, 5, 8, 10, 12, 6, 11, 2, 7, 9, 4]
[1, 3, 5, 2, 9, 12, 10, 13, 4, 6, 8, 11, 7]
[1, 3, 5, 7, 12, 10, 13, 4, 14, 9, 2, 6, 8, 11]
[1, 3, 5, 2, 10, 12, 14, 4, 13, 9, 6, 15, 7, 11, 8]
[1, 3, 5, 2, 13, 9, 14, 12, 15, 6, 16, 7, 4, 11, 8, 10]
[1, 3, 5, 2, 8, 11, 15, 7, 16, 14, 17, 4, 6, 9, 12, 10, 13]
[1, 3, 5, 2, 8, 15, 12, 16, 13, 17, 6, 18, 7, 4, 11, 9, 14, 10]
[1, 3, 5, 2, 4, 9, 13, 15, 17, 19, 7, 16, 18, 11, 6, 8, 10, 12, 14]
[1, 3, 5, 2, 4, 9, 11, 15, 21, 18, 20, 17, 19, 7, 12, 10, 8, 6, 14, 16, 13]
[1, 3, 5, 2, 4, 10, 14, 17, 20, 13, 19, 22, 18, 8, 21, 12, 9, 6, 16, 7, 11, 15]
[1, 3, 5, 2, 4, 9, 11, 13, 18, 20, 22, 19, 21, 10, 8, 6, 23, 7, 16, 12, 15, 17, 14]
[1, 3, 5, 2, 4, 9, 11, 14, 18, 22, 19, 23, 20, 24, 10, 21, 6, 8, 12, 16, 13, 7, 17, 15]
[1, 3, 5, 2, 4, 9, 11, 13, 15, 19, 21, 24, 20, 25, 23, 6, 8, 10, 7, 14, 16, 18, 12, 17, 22]
[1, 3, 5, 2, 4, 9, 11, 13, 15, 21, 23, 25, 20, 22, 24, 26, 10, 7, 16, 12, 8, 6, 18, 14, 19, 17]
[1, 3, 5, 2, 4, 9, 11, 13, 15, 17, 19, 23, 25, 27, 24, 26, 6, 10, 7, 16, 8, 12, 14, 21, 18, 20, 22]
[1, 3, 5, 2, 4, 9, 11, 13, 15, 17, 23, 25, 22, 28, 26, 24, 27, 7, 12, 16, 18, 8, 10, 14, 20, 6, 21, 19]
[1, 3, 5, 2, 4, 9, 11, 13, 15, 6, 20, 24, 26, 21, 29, 27, 25, 28, 8, 12, 7, 16, 10, 17, 22, 14, 18, 23, 19]
[1, 3, 5, 2, 4, 9, 11, 13, 15, 6, 18, 23, 26, 28, 31, 25, 27, 30, 7, 17, 29, 14, 10, 8, 20, 12, 16, 19, 22, 24, 21]
[1, 3, 5, 2, 4, 9, 11, 13, 15, 6, 18, 24, 26, 30, 25, 31, 28, 32, 27, 29, 16, 19, 10, 8, 17, 12, 21, 7, 14, 23, 20, 22]
[1, 3, 5, 2, 4, 9, 11, 13, 15, 6, 8, 25, 27, 33, 31, 23, 28, 26, 29, 32, 30, 16, 18, 12, 10, 17, 7, 14, 21, 19, 24, 22, 20]
[1, 3, 5, 2, 4, 9, 11, 13, 15, 6, 18, 20, 26, 28, 31, 33, 27, 29, 34, 32, 30, 12, 10, 7, 16, 19, 8, 22, 14, 25, 17, 24, 21, 23]
[1, 3, 5, 2, 4, 9, 11, 13, 15, 6, 8, 19, 24, 26, 31, 29, 32, 35, 33, 28, 30, 17, 7, 34, 10, 18, 16, 14, 12, 20, 25, 23, 21, 27, 22]
number of solution
NQueens.numberOfSolutions(4) == 2;
NQueens.numberOfSolutions(5) == 10;
NQueens.numberOfSolutions(6) == 4;
NQueens.numberOfSolutions(7) == 40;
NQueens.numberOfSolutions(8) == 92;
NQueens.numberOfSolutions(9) == 352;
NQueens.numberOfSolutions(10) == 724;
NQueens.numberOfSolutions(11) == 2680;
NQueens.numberOfSolutions(12) == 14200;
NQueens.numberOfSolutions(13) == 73712;
NQueens.numberOfSolutions(14) == 365596;
NQueens.numberOfSolutions(15) == 2279184;
NQueens.numberOfSolutions(16) == 14772512;
NQueens.numberOfSolutions(17) == 95815104;